[user@linuxbox examples]$ ird sample1.png sample3.png --print-result --show
scale: 1.247578 +-0.00400681
angle: -30.055220 +-0.1125
shift: 34.7932, 72.1707 +-0.25
Success: 0.906
