[user@linuxbox examples]$ ird sample1.png sample4.png --extend 20 --show --print-result --iter 4
scale: 1.253436 +-0.00749545
angle: -29.863636 +-0.204545
shift: 159, 95 +-0.5
Success: 0.259555
