[user@linuxbox examples]$ ird sample1.png sample4.png --extend 20 --show --print-result --iter 4
scale: 1.247854 +-0.00373103
angle: 149.927226 +-0.102273
shift: -99.5551, -7.88268 +-0.25
Success: 0.0796
