[user@linuxbox examples]$ ird sample1.png sample4.png --extend 20 --show --print-result --iter 4
scale: 1.2474 +-0.00373
angle: -30.0789 +-0.10227
shift (x, y): 158.79, 94.9163 +-0.25
success: 0.6112
