[user@linuxbox examples]$ ird sample1.png sample3.png --resample 3 --iter 4 --print-result
scale: 1.2492 +-0.001619
angle: -30.0507 +-0.0375
shift (x, y): 104.977, 218.134 +-0.08333
success: 0.2343
