[user@linuxbox examples]$ ird sample1.png sample3.png --resample 3 --iter 4 --print-result
scale: 1.249195 +-0.00161891
angle: -30.046050 +-0.0375
shift: 34.9942, 72.9782 +-0.0833333
Success: 0.237
