[user@linuxbox examples]$ ird sample1.png sample3c.jpg --iter 3 --print-result --output color.jpg
scale: 1.249088 +-0.00401166
angle: -30.008935 +-0.1125
shift: 34.9057, 72.773 +-0.25
Success: 0.682
