[user@linuxbox examples]$ cd constraints
[user@linuxbox constraints]$ ird tricky.png tricky.png --angle 170,1 --scale 1,0.05 --print-result
scale: 1.007261 +-0.00365677
angle: 170.089629 +-0.115237
shift: -12, -39 +-0.5
Success: 0.192809
