[user@linuxbox examples]$ cd constraints
[user@linuxbox constraints]$ ird tricky.png tricky.png --angle 170,1 --scale 1,0.05 --print-result
scale: 0.986651 +-0.00179097
angle: 170.056593 +-0.0576184
shift: -7.60926, -37.7109 +-0.25
Success: 0.176
