[user@linuxbox examples]$ cd tiling
[user@linuxbox tiling]$ ird big.png small.png --tile --print-result
scale: 0.518141 +-0.00402346
angle: 40.616799 +-0.168539
shift: 156.203, 136.691 +-0.25
Success: 0.688
